25233439858915482546
229675700401
131049876168
196823
64746016677538
42542501513851370116
2924265537318493
55786388244118
54805452712567972114
4801495770451825
37274665914795911574
74372673451698690467
695994519052
1012058086
3216429253853199
47773719985756463761
1217828943
2734433858622062
7504587664
647219615208
93258057474298055616
511317853360353631
165610569885344462
73875349575147826801
22303860
217201
773399754395951279
997234221205
4980019883783569
407869923150963182
546848322078557
1930441911702
4707323706
15485775583521443382
167381103
8915728537442709
546269200322938706
16965060656609802090
9444110638027534
906277866999
57535736584089765512
71057378271253
94992090388965468275
52878872097963
75580465
738228152282211506
583791845940029647
16720555988210738270
39517229346722
3871723884280469632
205912191084393731
9309586656257931
746430579914
7924794749240793
365108056497596957
70163700
494676594369
181414016930721
13236155642353
67899751190663110
4224484756151820
4255827411
6528478366783399
858132680367
33901738317100830171
24543574
875775
315579429238123634
50825200323198
40945032968817806352
6777790905028049
798880770001882
4594982
66696779443010185574
11160892335589593561
829663799599
906867220740545761
7909300734591022
970208127036496180
5396583571567964
436124343072712407
5981401049
495428117618164147
239543845299
49978092
2740119999
12064072213779210866
978189617284
8901507919
64325248791889
9244106321
93387196789258
1617701449199
5441384930439035
3103271883852077
4807954540825529
37986197582884
3835450669963002
9290996989843876
576297479
