25233439858915482546
390229675700401
390131049876168
131000196823
320064746016677538
42542501513851370116
2924265537318493
55786388244118
54805452712567972114
47524801495770451825
37274665914795911574
74372673451698690467
2673695994519052
2673001012058086
65123216429253853199
47773719985756463761
3719001217828943
39902734433858622062
2693007504587664
2693647219615208
93258057474298055616
511317853360353631
165610569885344462
73875349575147826801
112522303860
112500217201
773399754395951279
3399997234221205
64344980019883783569
407869923150963182
67840546848322078557
547930441911702
546004707323706
15485775583521443382
83667381103
45448915728537442709
546269200322938706
16965060656609802090
329444110638027534
6149906277866999
57535736584089765512
89690071057378271253
94992090388965468275
89690052878872097963
878875580465
738228152282211506
583791845940029647
16720555988210738270
68350039517229346722
3871723884280469632
205912191084393731
19939309586656257931
9309746430579914
19937924794749240793
365108056497596957
424170163700
2526494676594369
8800181414016930721
8800013236155642353
67899751190663110
19934224484756151820
4224004255827411
75686528478366783399
63858132680367
33901738317100830171
365224543574
365200875775
315579429238123634
67070050825200323198
40945032968817806352
95846777790905028049
95840798880770001882
771404594982
66696779443010185574
11160892335589593561
892829663799599
906867220740545761
30887909300734591022
970208127036496180
78305396583571567964
436124343072712407
7909005981401049
495428117618164147
5428239543845299
239549978092
5428002740119999
12064072213779210866
4072978189617284
4072008901507919
94940064325248791889
15009244106321
94940093387196789258
93617701449199
85955441384930439035
94403103271883852077
85444807954540825529
85440037986197582884
94403835450669963002
94889290996989843876
9290000576297479
